120
3262.15153588451 2692.5495850411307
407.9148628539797 6530.901278616869
2741.3449439126825 1490.822704200827
5547.15960987749 2279.5433359737303
8848.066001913528 8806.606943139055
5053.625541070012 7110.72902204979
7779.396766384385 4726.616473442571
6477.2275673272125 5602.076492579008
6582.356982115237 373.78115047974944
7391.861668999261 3397.6022103953983
5463.019471361115 2572.9224837293586
2580.6066805460514 2986.1492959854295
8808.13630027204 9038.738824199047
7729.95701326929 2195.6604927165367
4638.594741263352 305.9111836474115
6626.743111679149 497.01653343314223
8092.113947933758 4265.280953847097
9622.366978660131 9691.708462261555
7084.261965397429 6452.531866563617
7745.703898799321 1706.848699014002
8771.395728721363 2964.9599630271205
5053.479321707938 2806.324621071941
7352.437578119881 1156.3841541804743
3714.0647983382823 4553.702825178874
3102.499810401138 8395.852706094513
3784.087286627416 6912.44450678467
8213.097628754425 791.3074446568813
4617.219044706112 3763.112683466221
2785.494245684157 8008.670181286875
2388.758477537143 5836.628244607876
9866.802068494564 3364.062053322342
3561.960794262714 8190.683961439461
7867.604938712173 9822.521888200119
5320.945602397813 8846.317652681972
9688.330658855655 816.0940927752137
4530.160448989052 3457.032380785188
43.61117421666671 2386.350646668015
7513.921264031661 3204.4291918810486
4128.931831583066 9789.800734910448
6028.596735417191 9603.683050683647
1944.102659917365 2607.369138426355
601.6203183212288 1985.5805432829
8776.42669739404 5604.722625676508
6288.765814839452 1989.1403110306294
4502.77268234403 3345.547148735276
1891.2005564706292 599.9419262664452
2695.172727640368 6634.158452727577
5037.6167005592 7935.941430641742
1132.8145921547773 1297.326456015161
442.464870471726 5782.904326775487
2178.934561804442 9809.209230730785
3227.500645761493 5867.558491511002
4524.152306972133 1418.9390050742168
740.5837333989074 3182.632544661095
2273.483199250659 5659.631602768792
5786.57213204496 135.38074048415893
6800.254517307113 7735.404016555883
8470.486810274364 3757.9451851985045
3077.2094308177243 3543.616691618767
6915.2246548630965 7473.720336631495
2456.223261113374 2105.8561444763413
4414.228664620567 7719.403648170636
14.050204795241772 3098.1290012213412
7702.8729333471 8116.913400929303
7200.539029405376 8152.614980453819
4096.999209341391 7434.368837074871
1176.1663883671092 2423.974328156674
3743.5511557830537 2699.2380108637994
6631.8447898310205 2244.3154641585907
7677.945495524208 3422.1724782196993
9837.514563343266 2694.4762848393943
7733.650155635521 4706.263955143273
9400.695381597061 6681.880754915704
3673.808815687292 2581.9384330713115
4828.630983032359 9905.304651040495
682.8482019040849 4691.123021563177
8443.195599685241 5704.634225635545
4855.738899829897 3819.69441095215
5841.98430800215 6151.174928029814
1267.0148486303067 3099.922752595101
1299.6713793458637 525.8391604854917
1510.602858325395 3025.7976858199154
3264.580493870044 2179.8385278471264
8217.454434906807 5845.227558933084
7902.907807127316 7995.212382410982
9000.038068518834 8344.30033423783
6375.858895996427 9986.000070691713
7147.973321221821 1111.1131312124978
8896.774857242322 4835.3067850357065
5057.686866125135 5608.700905758801
6436.134944746329 9157.684107400853
5133.7501828921495 5788.582600184103
150.08629886305692 1439.0044307084204
236.22558048443153 3486.8917817935694
9797.03279667462 985.7615248803131
6282.217597618054 8617.042222254942
3622.017979627068 2511.0864470643846
8126.549903836228 4666.574783010965
4479.792865214516 4470.617834513312
5818.9771805323435 2956.543444125407
5336.773713818474 5550.81000601828
1456.2401787430467 5368.17256104017
3831.181769589689 7504.336658895281
495.87472278314283 9091.378928678094
6453.495782509748 7442.146023937513
531.1726850053055 6214.133030378462
7042.306198999375 5066.15076958437
2919.626200819949 6178.282830045923
6266.803841258433 359.2528877945156
8983.823433863807 9727.999307980213
5469.273005266272 9731.691804886843
4159.926870583952 5266.658092529088
3311.0469878724434 6636.592853977362
344.4886168099504 8771.71766089462
1834.8127936219505 209.83049848643964
1170.8616190721955 4869.195653520134
7963.235992559809 693.4707745983226
3031.5692708659526 7530.018511620146
3924.242795841879 6646.718147825318
7853.1233356258745 2716.495402319059
