2300
6785.744888658314 4663.1652783181635
3425.1954364586736 1572.5270600487029
4575.095314111055 7398.714564557605
4207.463123255143 2564.5633907163046
4465.088963506053 4681.897609651906
9890.08500481091 5647.212910471703
7208.464206197958 9089.949042454666
169.97081496370802 3783.6093587509445
7166.281378417394 6258.263611192665
6112.773369443879 9232.119102476583
7443.961034658902 4433.348764055099
7847.816930220154 2022.2612886650215
5170.372562999409 8083.850656155058
7915.907750466702 7492.627106975642
9619.724387687129 9849.395917063646
6268.02844447214 8549.60218476586
5316.100911936584 1021.697362606594
742.7344291803062 843.6460714265936
1944.6565447267005 3362.3070429868685
720.9457169799039 3170.338561489574
3598.756630232401 6324.976505848582
7552.432127934628 5276.056202927556
9150.122911126444 9206.430460001975
9779.5455472701 3617.252989253318
3718.847218135717 7301.830687059461
5274.008100877776 6834.828400536008
3365.751071070826 7877.480946350945
1143.5319674194045 2582.658235758396
1932.330679225984 1556.4228763690535
6970.682651513146 6669.495044340976
4908.649061581768 9564.043821704157
6379.712218178028 2136.4514436566183
5149.067355457218 1793.1589381867952
644.2802918139912 7552.457649248393
8118.381958684549 9560.85377786542
1160.2786648447461 2827.0787038872922
4200.114843640087 1372.3152808937766
8870.675168819838 8963.100794905518
2001.7470926009562 4331.424914944531
1625.8316274248496 5207.50829832098
443.01485658375 5019.538718177133
9252.60769303623 966.8050062665212
5899.611549156281 2879.7064581483387
4338.324676041499 5436.244321661913
392.2982720532697 8416.437379134255
8345.124157337616 1292.4495352719046
4493.675897505092 5278.610669214606
9236.058614780599 1449.0785542545048
2083.2713638443465 5475.3182064780385
607.5373142476315 6991.316194575459
7173.137097647901 6453.3444511425305
9094.406942566984 1372.6651964827142
4666.738304293289 4796.12148845372
6678.175389994863 8619.945129605787
4959.9729779781355 7383.564241120627
4186.915400616633 6395.303998883603
9353.014401234555 2890.816502192979
3107.727696286071 6855.891918249749
8392.427118786769 5404.833057287902
5712.685744021346 2577.321753467371
9102.988534504835 941.8165076489593
7145.782822038315 5500.5022608353875
7139.130606133839 464.29313177388855
6036.428883585788 9382.14024903746
9706.414771942651 8442.955885880907
3017.776603588066 131.65627956789993
1070.0831422454382 4112.616956758267
8076.01374929301 3990.321952855815
7393.490209841428 9908.682532491524
296.2429824244994 1975.0135526007261
3880.167028346474 1995.5129124678983
4879.7245079280065 8976.031535454815
3694.642345297423 5838.577952371196
7324.028863641523 2359.8392143480096
222.89734886639988 9829.4005232287
4963.236349758501 5141.709326411233
1081.6544200117385 2606.3832859273584
502.0468423091251 2443.864746371779
4851.637360561849 4653.701232200422
4986.8840328620345 2575.670519941764
7227.071257065157 9711.628790634035
1510.826073697853 1892.03237379855
225.5439711863605 3116.6434104438
3254.460481537815 201.0691323512903
9789.350125330855 7010.686477796776
6955.588031826927 2921.003188091481
2989.3988713252074 730.0448962926775
4502.997491922473 1677.3097191224751
1112.464687368643 6759.53317618675
8071.893564526848 5277.690646526535
1904.7779750738991 8042.338124779399
6189.399746467669 4722.136037717334
8663.086662709717 3069.2256435621057
794.6162349324104 7525.77449362868
7050.920440835819 34.42012332039002
642.5123477866767 8486.183139830202
7063.144429719431 9554.017045928762
7961.481500895658 5369.905247548479
6972.903872671212 7645.4142216732225
8571.733017681256 2105.862345371786
7647.320613274764 7776.951386891883
3518.33689164863 8434.8655812897
5719.7448519780855 7345.863232916072
645.4074187048309 5864.567020622862
4918.5294367685365 5010.581189642199
4521.639704212986 1760.1900426630214
5634.496696947214 2952.467849023248
7868.0668235083085 6826.028820923192
1641.6256490485948 4479.281908684419
160.78657759516224 2505.541361136422
3732.0882965286905 1217.0530443217554
3842.311576789873 9467.671667387427
4107.221315546686 6464.527501065946
4808.24355558216 2223.460826722604
5191.7301583855615 5480.097489721112
8505.56385605509 6029.016975333336
4843.960405483476 4155.972149695259
5857.186974268157 5238.539368428407
2348.5864825439185 4378.48212716149
3058.821847174331 4437.211476282588
5014.326158082183 1777.1389597376253
7765.3567501058615 7354.671481681147
8720.757785819505 9390.711920001137
4058.7153412721023 4299.50321393044
2250.494636374856 1553.9590255081314
9865.99151670519 3266.3276287201106
8336.021662817686 9697.016081499693
8553.7075505586 9940.362374343686
7322.11825160377 1560.3500038905693
8380.19953212752 2828.6424783249063
8884.40221569475 2404.5738770875337
7228.947582453446 6911.5030688924935
8065.42441142423 4672.419352030743
7836.006761502268 5608.408480704611
94.72610811299131 194.12217397762555
9763.3439369331 8183.8842552854685
6373.231026678986 5742.511812930231
3672.969184068504 9503.213703297593
9401.555436421775 4710.748790831993
7182.499672035791 9167.04105241542
129.9007541697017 4287.3936641932505
3866.7950075302824 3988.9204367147204
6619.723933855625 2157.965954335048
3949.6453540189027 2024.401701851154
1443.2079927685027 9074.57415646148
9870.105844303414 4061.936767434067
7242.064323806645 768.9070679274568
4813.896146611275 8309.33699649178
3830.5179667660773 1212.4993078623224
1482.6381867376992 6651.8703508812505
5822.838222686283 894.3596722480263
5808.291349819321 4525.860397784123
8189.517119568999 1761.0165049586724
412.2155844965025 9347.399022781403
9461.424018030395 9090.629552797947
1653.3174908552362 2358.944214824702
6805.842854176428 2878.185953657414
1603.0647345839989 548.5089015600142
2051.5892782298106 6402.238776256279
9230.708777695514 7872.280381637359
7220.231760666039 7798.217716662296
5819.25583004504 1172.1800273669446
2598.2334609182376 5006.411543661155
7279.352854293152 4978.196157831397
1015.3753492024508 6199.797552903666
1329.898328943344 8652.538352568552
6421.952369034154 7082.241326966564
9378.310635268046 7547.989923030505
3433.364067645042 2206.047590804363
5241.632282566464 2805.7478061743977
768.4569909704952 6845.678656602055
864.2033437070762 1220.6997716733747
303.3191042511818 3646.4239380157214
6935.941239221202 3961.794942864435
4602.793979125888 5194.412870391495
4173.245693974429 2988.3452027149738
3686.0820037788867 9894.070356159657
7500.337043825458 3876.1184756231037
4279.880425076905 9541.090968616381
328.4762484360904 8436.864079309666
611.4965269423478 6983.315994956583
6940.670996738654 7457.7676207388795
3921.7287975946747 1823.760344788915
3515.9611742335837 8212.825602921897
8098.699246375497 1843.0547460677926
8245.503242500126 1086.1778986115544
9217.431306178647 3582.4177164918538
5268.778063710113 2239.974201831395
1742.7942892970505 6390.473477860712
9577.17878737711 7251.652617125228
7484.576317178946 3908.602051036211
3170.504035135263 6247.744107222031
5330.724864610218 2781.271040217622
2199.0304766214995 6525.986036796782
7810.087250571451 9851.386133674
7157.539915650012 2577.7363663541787
2268.4868650298695 6676.380471508756
6094.16490276584 4606.402822634342
3743.034944775906 974.9302788726644
2490.2580738305755 4242.032019628381
1069.3805472757501 9661.289692848715
8733.100644157175 7096.344554131509
5809.842371584525 6583.363093048925
4767.40234291919 7058.351325465338
826.1393406686335 7535.185696713141
8720.187142488447 151.98461572740962
2322.010507538076 4159.139180419489
4300.842511001426 4984.48487906902
218.9167062481745 9648.916437067483
1404.5836294744086 2831.800084753102
5762.199884626897 2741.354612040544
6661.669038114942 6223.0007476053215
9438.09497813444 7276.256912759474
7391.268872171516 8778.238119235806
2892.8729783474782 2695.401280815174
1816.6743312681244 9469.544684861587
5258.378418775128 7301.79883895012
9170.741394660325 4899.144719050516
9164.652519904517 7920.057095747762
187.94298477591175 1578.3766684677526
5661.515824065572 2526.7986355621097
9645.14367950928 166.43626188773243
660.9529888209287 6391.471645332565
826.6588280863118 9292.13859005907
3485.6027141789814 4622.594594139491
482.3987156080345 4357.967059152162
1268.250928118133 7460.939672937226
5145.114234147002 9034.912655912509
4414.699886022606 1364.702087127
3360.452749532792 4605.73716286375
5555.290197394561 7743.3367123863
1325.240322419593 774.3990677332746
6734.407859720898 5100.383255567499
2056.0106814119817 1233.3022395777004
4759.431657766616 1681.7417777617472
955.9060381462504 6678.097492700326
5350.66697743496 1380.0357070840564
5859.477889504851 4836.886397211665
6846.089677941871 2115.455340851329
141.33844250236004 2278.7955513189672
7335.872351387532 2196.6990047558365
4560.961756641152 1215.8428617283955
3495.768281421363 3093.397036535377
5165.07510140582 5715.310272181992
940.7483587709764 6222.905243812269
624.9987293247772 776.04315652121
4972.918365851942 960.7379688811945
4861.057930745094 407.3802462184706
2212.1458001075944 2785.636180664083
6966.919378842177 2182.8650958424155
172.16823080493438 9993.160075475007
8753.457780497547 8029.417867349953
731.6915142400204 119.52252019715837
6787.1450409614135 1631.374251089428
7748.729273475823 9151.524477003806
85.53227039717726 2920.0583042092444
7517.189787523642 4720.332626050054
4339.390450369643 6321.91337032629
9187.742749883793 7078.872111722936
863.4830086724398 8700.348501212802
2532.4756059991196 2337.883167434229
7015.5218732397 4753.094182555522
9957.802478392292 7199.205425388346
5128.099600232061 7696.160715854152
2001.74160605908 4312.436788649728
5185.303732988623 1464.7723479421438
7813.272513741293 7106.941183633555
3505.7150054403287 7748.944002577145
4344.258257076436 8846.078775583332
438.7103166077211 3547.5081955040123
9835.628031483819 6108.253177552892
3333.8942070013645 503.4483251964972
6529.843974889189 7973.164797451053
5558.23393346134 6983.826185885224
3947.9692535749723 6469.191989819468
4112.618508838198 4880.944428884014
4965.236743993078 258.3913308745245
1319.208051615668 9545.454356592307
4670.691155222779 2839.003507972738
6345.733589688986 6593.49251684751
3642.8016422773558 469.44767261043796
1457.8204248261318 6871.793362422704
5313.382940756871 4585.623221061914
682.0511669161888 1426.3158897137196
4578.634530504861 9722.367058727694
541.505677114923 7271.093668244763
2027.9557852036933 2355.244909605605
1367.5544745506475 3904.7631062210853
5553.470515693472 7706.520537569754
5138.689121053884 7309.693423827398
1781.6984104321198 871.3557972763164
9883.71963074225 3122.8013681301636
2439.976352280445 4411.021699685613
3462.764838515996 7785.184007070354
3646.991118850821 9739.013481007227
9832.108429322592 9981.720948083706
9108.147455326724 4864.416092892091
5568.301393301779 5837.4295421111165
3701.953692757858 6346.814107589493
3865.4355645651194 5436.821416018178
8686.309600636798 9021.176305479717
785.4013860519326 9182.687404538168
1890.8390951629895 1006.0679347326462
9205.825671897675 4488.843324681233
1569.0631224647643 4780.0087434492025
1965.372859199176 1240.3744672881367
6626.280648518219 7138.277764057448
1291.0314064415752 4878.565975985072
2201.131452297612 8831.97985420844
9413.971245917215 7566.315904463997
5655.277516023111 8600.10605786405
9982.9493487043 2461.8632752571934
1841.5368788409291 8901.30549502226
2006.2962258380023 4421.2740706051745
427.9039024272535 6508.582634145255
8906.410959151377 6969.320063423432
6315.875098770137 3185.626460686276
953.1915279430036 4573.007158862886
8545.753652321946 9290.53033003352
1652.5041339686275 3521.803161825008
8677.089782887066 3955.720649891118
5342.29762755802 8070.594410499519
2832.4231006300483 1889.498158762918
1041.7007542615497 5219.928315211067
181.14287520938353 1253.1576418660218
4822.235642264647 5092.781172054557
2893.605720937131 3436.367109290228
5557.426734025672 5411.055512293062
9863.247486376547 9352.044009543088
462.00462822344025 3484.6954039433163
3707.722863716242 5131.207279476631
5977.958093452882 1043.235531834511
1496.1793155134994 6003.903464249324
8634.742807905333 3038.8473722414346
1739.6071649960543 7246.921218672907
2731.259331808795 919.8201068774448
5541.829498799859 5316.060905894471
2540.0117441051884 1916.0942828599702
8643.709235918239 2829.6495033792266
5114.481404034918 6059.05175569241
4202.905736215672 7536.5449770476735
2054.9065317395475 7344.818700483074
5896.678302827114 5795.811797466163
3959.3345851164986 7085.433501074083
7662.974804769039 9705.037455607091
5715.953987322857 1069.4515062270636
8780.955172103382 5975.826538931629
3607.74050015966 2529.259380023129
2170.0745118339746 4543.852000085125
4937.2652299273805 1035.3800530512947
4523.728935344018 7413.969455540427
8828.473976908872 4496.56245909328
5632.0895077525165 6247.947366088303
9050.051944854145 5784.299395744644
7268.140644939644 7172.813202961273
4240.048089685061 5866.399824114334
7085.408238336482 9538.64717667795
7892.927841512469 9224.488367940672
8496.208913988865 7271.745973583299
989.6957241993154 7143.670527518143
8249.275130091242 5964.923036924556
2032.7911001038813 7790.424749814329
9738.08221209969 6296.141363948905
6391.258436621694 6385.593402050606
5313.494070565484 2178.157442253025
6798.3538433948 3877.200895465952
8881.351565679046 3523.4195930601054
7579.077363777028 6515.984787310523
4942.519613379877 566.5073282378119
7516.365045928831 2649.2242802502287
7174.738953947717 5408.586228621395
6212.3816732740015 4399.294325673477
1955.6789789477514 5635.828482062348
5259.834793329803 434.2417415339062
3108.1286185850545 7209.158584764886
1408.0485519135966 9905.134329651532
3192.4052814296524 4784.073507642201
3742.769363792122 1347.417238819294
2406.869176960432 1064.979525100046
2483.935998736031 8169.278339777973
9626.146440180684 5147.283414671791
1196.2623639320414 6818.678247249539
3547.8181097211527 4061.752990726892
4131.117894639127 9486.817336375643
5506.192812754125 5137.253841636545
4551.4595177269675 341.37662811054014
3861.035267762121 3970.385761714943
9655.610619992798 6282.375343924244
9504.506032528452 4456.812740674736
4427.165699326786 6686.273687276217
9610.520624278151 1493.4987772802833
7856.634190605394 7691.1917431924385
6664.888488853177 9973.982452839842
7555.117915392186 725.2395417503221
9858.766845066611 6216.707264778215
3304.196360924635 3001.0086022742676
3726.120742171847 6993.609381976315
8835.283330032904 2994.7288087652446
3885.7878299332515 3808.476968364628
2932.8832280953466 5050.350802046277
6899.702264874746 6586.025857511742
8284.770927093625 614.171692750336
9769.192850435598 1018.3621988328406
5665.99200667956 8292.607747750195
9601.623204648637 1303.7061036751186
3940.4897212314736 2508.659424804227
3219.253204870852 9155.282236354597
9949.908610298173 2605.0179536288188
5701.002054066123 6885.138805146951
6779.509298124217 4880.937199468689
7915.601936428548 4417.108633601032
6747.645835742772 9072.754880666627
9732.127539119465 2837.781732375152
9302.593883749196 7516.665548538824
2597.987967127546 3416.345214286608
7284.920550236019 1777.5515545748744
5395.84180525412 8335.696091701531
6932.909140202442 2766.5366941128345
9014.079252935886 7102.924329370636
8830.431382831961 909.448432804566
9296.030615083695 4236.878679104296
2282.561928670157 8442.345841116581
7807.237793905209 9163.146616469929
8104.287580285702 2866.9870800233653
1674.7904752057186 616.7894904779547
3994.5182668925772 1705.895003023924
2427.9762042671373 9093.327180995091
2465.5135790995896 9142.837119306007
1595.6334211896472 7909.582453599564
6189.368010539813 358.3897702466121
7452.941069874706 6952.284715970885
898.8975465410787 2083.966399385717
7172.218931380361 4278.075255220929
4498.113349318555 1025.4719383620748
4780.853166355162 3123.1917773709883
1429.5661974359052 5575.081767912798
670.6336606097851 2589.1208917987196
7904.059658673332 8524.047159946453
6756.331483376279 7144.623497928903
7373.433799556675 8722.640388647727
2488.0216798985134 5549.268212275635
6975.41309940827 6714.546207244854
8005.863753509847 5513.430645550089
5431.924472474263 144.51027528534556
8843.976023295838 6086.005831809515
9528.165793737213 5874.345009021294
6214.6336055106485 4125.537578883554
507.8314597878486 1722.8868529077413
4553.659585974682 8267.23376853275
6375.089581459784 9263.684280327148
2152.9620259476033 8891.571831640505
8581.005763547486 3304.6781572868645
9693.75039957618 8182.87948529193
7082.595412091989 2852.096286385699
5508.628250305344 6654.693241546772
1401.8585765264402 1446.3582384469053
7145.152154931915 7846.2429945070735
2482.6704609920002 4583.873673297599
8878.741596827234 1411.2439449261938
1617.5119429858153 8019.391960263373
4886.597729707505 3176.9959956218017
8229.348231081536 6294.151371490281
1375.507590115378 6188.386829819899
109.7919499251765 7546.146372449729
8734.399949639992 4411.417987565415
4237.349341057608 3004.777132292369
4186.883383061167 9201.259942024693
3088.7914036108555 2787.8912949932565
6115.6395316969765 8409.550774772097
742.7274593540101 7542.339076684105
7205.400435438274 5119.099997045728
523.1144336896376 4542.405352565709
2773.1643374376667 5128.207674412477
65.00805485801453 1863.6286334305385
4439.054357992713 9534.053105471523
7295.807430035531 8342.648846823631
9059.766405643844 6127.126823996571
4210.190100318442 9280.501618562666
1961.1909007222073 1460.4868945690152
4867.04752498823 9519.639781471971
9238.980368083021 6977.582144431407
2400.9685870226517 6862.597220895476
8484.028913388218 4009.244459116396
2035.9814366238938 743.2325351190683
3456.668762483046 2406.0205489881537
6127.214742234135 2632.9600699654466
525.714830305103 6031.671739117027
7987.703890634016 6239.334681756701
9109.429262592756 4959.494925740383
5968.776892332655 3926.2885524649273
3792.8229636942788 5308.887473659511
4157.611377477921 2904.1364906990075
4659.89415815509 5052.347492709529
1109.512458251024 6503.2935698464435
4028.1354119474254 3684.9783402523585
863.8250388939506 2221.041105076572
6580.4454252878295 392.73335807794575
2424.2265806918704 959.3766275058313
2642.838836981528 4004.811065285453
4623.236114604351 2735.902241354171
1734.1572319283316 9117.834099155732
4793.249540051577 4523.688533195676
2479.551592649706 2053.3161762504615
4966.82880336102 1.281899600772407
7167.117592976112 482.5570868775486
9840.139690820813 148.16047077140016
1508.6029180920823 7989.586021406194
8767.516207798504 1131.7778360997122
8514.461476855342 9460.81928375093
9442.959869513546 3628.353308019222
6618.853557715065 3053.668825156396
4281.227202835573 8254.941489210263
4571.180148431827 9348.23615372427
3071.9614206268952 4295.010929041106
2780.94365069221 7086.97026321061
4199.777857807469 2143.5562212095415
7489.877955649453 3389.312732894928
3877.7300139591453 8664.491156490916
4794.729565827182 1409.5595314490495
7987.772489763007 7106.094096749963
3403.662990736115 2670.8274598184335
6202.475837337821 9036.92210858728
5559.325342058079 2090.7130183305712
2253.7967696158958 3461.0390913473743
8760.054990176402 7315.920950601065
220.04440390901547 2650.9072423525295
647.7898342879507 2701.322937039513
9355.634239722898 4886.203290598029
4314.0907492497845 101.51748557520546
147.86766118298544 6209.869297570093
555.3110684186779 6982.404290208793
5478.390215179594 7956.88211726814
2029.7584009591042 8639.003485741861
4745.911039359376 8327.107121696537
8826.09870949684 8133.305849176636
1128.1323550926004 4777.71574225311
5150.585223490709 2717.2005434359257
9296.220427568342 2281.6494050516044
157.6571242919744 5752.565335529407
8854.551870330513 9138.991367450402
9999.37276826503 5724.310437308882
4616.212187672434 5573.922929812172
7294.782172201003 5444.8169875428275
4795.493447511583 7425.176494010633
4304.188445191309 4026.8076835126208
6827.882283292358 3475.71072359953
1520.9232115073257 5463.730536927027
8405.31258401532 3571.437730156073
6346.452519129414 2683.5581554231403
465.50735929193786 7993.356361496115
3212.415003136383 4876.355174468586
175.4804665698939 7810.75410770338
6950.816313361681 1329.0122954974547
2213.2268743179384 4150.177843668562
4003.746507998778 5445.774861324131
842.5044441435537 3113.880116661303
2029.5665283317167 1561.0733104080043
7541.923674592478 2049.0122395050057
1498.3140686950358 1899.1003647793136
379.1551212333288 5957.656693759092
7564.057551845655 4527.255687048867
3004.68154272142 5935.767519601499
3832.4810304493194 2740.1899936143827
4238.967162827506 5164.583023396268
930.3101353885046 7480.14999608174
6033.428986495004 6313.36016345625
2909.426995732798 4967.793326633384
7847.473661277985 8798.819900038638
676.5024340220893 2806.1801596112823
8982.886343765187 6628.201351552002
159.08462795666932 4142.388896017549
9161.30484667406 9650.054421858367
6095.193349900986 9730.734815935692
8951.928097276546 242.99832998918248
955.5775267514443 925.1797194353195
6315.448835261704 5211.269761229699
9954.466893706804 7468.372435064196
144.76722507998474 7155.611835106243
6089.22575196537 1890.132805421998
8628.80408323895 7196.720879758739
5609.097882199448 7333.426594756175
6133.67309574455 2516.3179105985687
9163.713621889368 1554.9221621920362
3284.879056328791 139.7095833969564
2493.139595611058 5562.055728466819
4078.8282986613112 5092.939160821614
2797.366924221282 7558.092810862634
4131.824719391321 6110.367204746914
4514.3888637542805 284.63004005296887
5059.001269555816 4583.373126486289
5515.522314355142 2440.5612816356847
7857.891349316217 5567.611227769496
5603.966368599819 6563.711660413962
4507.929570243048 4205.143489761357
1350.196047408514 2317.713199403806
220.8238333549073 1384.5336749792848
2456.4466058434177 9446.15882844514
937.1865334874485 6907.86680474258
6278.036381915836 2658.7131627900885
5134.610520420474 3514.794806761656
4535.191370041212 8475.151077504359
3737.3398773084145 8280.85813693172
7569.5902978206395 6220.061019370626
1659.8022009897163 7353.192044781078
9062.243364811702 8043.098515403548
8083.537215058956 2121.5786771270205
9159.457776107274 1435.9619370670018
1559.530996893924 8562.572121972536
2807.169527187995 8963.741088108582
7668.148773417688 3883.806886887576
9300.29889018287 4250.7571897241905
1706.228547945242 7769.4416398358235
2761.8722187652256 3430.3322401353776
3250.1179020925165 9940.668182036634
5648.267753796582 3320.062962429582
6690.829724270544 3589.050385678393
5578.86700324892 2038.3597694213663
9862.474184556173 3833.159197472743
1399.4214522167924 8238.027443494944
533.6288437205916 3593.343492497435
2057.209888438759 4546.573526809622
5486.929135156698 1674.308174164253
2413.6317867230696 7794.974304691985
1220.5230565488612 8117.01075110257
5565.230465648391 3192.5096345845195
1422.0714871324958 8454.597819343004
1327.6357450652254 976.3181320010561
7829.41844841738 6673.1956906532805
5685.031106522085 5795.1562312574
6472.2127310196165 7890.242456778782
4259.169965955349 9966.015839307878
8212.280831495298 103.4803656853811
4714.387961334931 710.3010467202075
4818.502769278092 4305.8432578073225
6039.465402575624 2993.983409741623
4878.759445760194 7501.195323054317
319.2545011841796 3222.604630547026
4211.476174927956 226.57478347382187
3397.7985658279777 1447.117314981755
7310.751971746864 3110.350805548582
6420.094024502017 2561.5316407732325
7701.225556021912 7488.334989635302
2528.5281082610554 5594.291481247618
5192.609292421276 381.5176233032602
6882.928402823973 5517.00837747327
4255.684045866928 8714.620328242549
8455.708837361373 2803.9485146145394
7220.084671421555 3411.2462775784115
1852.8769491496278 3716.560304628308
7511.754555009259 6716.105820554172
4695.202165513463 1248.0574153630075
8905.620056080228 7242.737740418247
413.32859696825653 7742.4523314662
6226.824748142734 1708.807168247113
7691.6573988387945 5617.081378375089
5730.21567251132 6029.600193260623
2607.4573901625176 4131.115092288414
1820.942540220485 7673.294125290938
4584.52105113051 4529.296735707081
7695.988782443352 7557.145062832395
3329.437290020233 2466.093343993493
9214.665804926373 9872.544887943883
9306.235936588306 3286.5500084580412
777.780029148224 707.3589371927824
9523.574190240355 1601.1828990723109
6206.28032768071 7215.773753931812
2147.864424037029 9634.333345565183
1820.7710085786332 8853.717427601714
1038.2169022995847 8028.186526440011
7295.893963718631 9593.94578626156
8193.94478722103 1838.0282097796442
2845.0531701752247 7940.050174097848
828.5175068001782 328.56992398303754
2723.498183202593 6262.217538949742
6301.418379909427 802.7050466681485
437.07026749947534 8367.784753767737
3899.7463083411444 8912.60869099969
9430.487053151975 521.5482488204149
8371.110848073344 1052.9450515247506
742.2827946297394 8978.328554852249
1113.8322780951871 7019.729187932607
7673.390520592487 5137.048077101758
1670.6327873756443 8373.565091438446
932.9844546617471 8708.506127006294
2373.9448798699714 8383.592312595712
5107.865719437008 7819.2120291511055
958.9904083059819 7611.765618976792
1387.5332187745294 3714.1800862738096
5784.993828699542 7081.533286293415
1065.4715853371545 7231.667869817743
9100.753847819904 7221.437118245421
4370.029484440635 4802.596709574846
8036.092979558544 3305.5443892457124
1957.2816413469873 635.4536213306739
8377.159914776328 3001.282208919417
8954.608202760499 8337.265553455407
6757.705035938549 3141.0317011516263
7335.08644351288 7422.228888364974
1711.8116046739628 9644.391729649258
2365.108469899669 245.38810352102257
4028.5176058298057 9248.016852173641
6136.956864419716 8872.899797910206
5813.801508619844 9934.528548287271
843.5350611319292 1602.4235021411137
5436.107730706389 2737.1296723734386
6198.01429522781 7009.421913842708
4746.540289924958 6003.699086818012
1246.1924729514683 6478.839938149026
2247.747778401181 2586.800325809243
5057.95106463082 4320.439889319826
4029.610886277237 8992.75628842638
8716.678289072535 3122.707916251688
2661.20708362152 6855.54208451176
9808.832807607398 9895.688402816884
212.18367288603935 7326.182483036211
2034.462363994215 9027.036290534164
3082.937191712247 485.6005490334925
7501.110767351226 5586.339760896243
4929.754629103614 3992.550856495515
846.0206310049101 7071.7556964621235
3556.618380221527 7621.670980369268
5096.445650653744 3894.685443769695
7235.587921235585 4722.873082316103
1503.4818557088959 9757.713818218393
4907.211992279001 2677.595139746588
7317.284602912905 9062.314690828474
2092.332671189093 321.987916137837
5981.672047966808 3909.3883157066366
6522.41627712433 4099.6959771158745
9741.69492985773 5313.0741336154815
12.7407924690226 7743.630051726025
5290.345392621897 288.337870092864
6701.216544026544 8632.692168137719
7363.247041112415 5970.254123537967
1921.6250556399484 6953.567980514699
4359.036137536152 3065.501423671114
1934.8998018456266 3182.30457474282
8820.359965848116 5353.192449068916
6495.441300232322 553.1361774090659
7533.196399646977 6166.338018651516
6359.232667150015 9083.563493038147
259.39773021700586 628.6116822526411
2612.725961379294 5219.689372413086
5422.317606354218 7817.076141688536
2686.359816269649 9368.362383401665
8126.395845268037 23.427856746526253
8598.55122373226 1438.5873765227652
3505.778580122847 6752.124181535307
267.9446607230851 4340.852021224511
7739.4108354982545 3465.6256354523516
4590.7438347904035 2822.445067303615
3219.159795470624 439.0879788540758
8729.256000126525 7773.953980728138
6232.7251693454355 5391.538277459273
8963.56332207942 3059.656246011535
5045.0556841523485 1655.0584243731025
3007.289644262542 7443.799037196469
7482.665183514734 3899.5429547222802
3600.413082704327 5079.714826341138
7782.627807216722 1400.7727222145384
6157.118664323986 8707.612208268796
2178.6015915032062 6452.031619613697
1979.3183413707916 8897.939219979175
1826.3818016530809 912.7474788931356
9902.136421473358 2473.8992448575646
6763.579693691438 9325.963378608552
5984.674104489168 1131.3086732713607
9894.104339331989 9510.578563782849
6788.003293603184 1634.1768602385264
5586.428494250358 7787.571621662714
8583.676229900006 5798.63539730873
437.6109881012791 3980.549898942801
455.10119726782204 8419.130014406252
5565.0092991808 4149.191184113247
8220.783263708145 838.0044776420881
215.8018259896366 6761.241166730566
4407.658555818628 7921.153336729948
2611.222209394285 5916.893371381132
6351.766466822196 8652.738842901812
6057.386564670413 2388.1438228975903
5608.896020820617 9375.244533597875
6242.901299174836 5247.602890101954
291.60554456102994 4987.6268122964775
9090.712599866647 6235.212304071236
4908.283112904779 3376.0633769857072
6874.455718242814 7622.914897661352
8164.583456942818 2184.454810641739
1991.230305597077 8809.657851092119
270.94827515891427 3599.173955645126
6471.285202401143 8317.434502425229
1877.8014474544834 8288.768986631632
813.9755658914848 7082.611490717102
7930.982019253602 223.79994100157674
560.0903261777069 3173.696920483001
3267.40088815467 2661.4574592765184
5625.0122273940615 1273.3246138778077
9682.795052991492 5874.832515076093
5316.865262667807 9311.765039255564
5514.828608560241 6408.228517155632
751.2760517398165 4449.903812875592
1747.4737027411536 5845.540732461485
4617.043146827184 6890.179618549408
9968.881722254791 1411.353602455091
1686.994523440566 1870.5439684754865
8705.73369055832 9929.208393396633
4448.110614438317 4708.749698661658
5258.025642918189 1898.9836833483032
7802.2090743908 2163.6724759977
3995.0642539872506 1353.7372636157186
1684.519588508192 8833.741342267627
4166.934678840295 7942.009016946438
5475.396364465697 2591.8894184757914
9821.677146404894 8603.342459347063
9623.343181812354 4771.256521437279
7446.899113830687 1632.187019512169
4404.962248422121 748.4804608615747
8990.969018371183 4285.908780291606
9490.696897536709 8806.095555390979
8081.717052753314 768.1073497790392
7709.230530259412 5765.358013561224
4689.209669743996 4463.858206539314
6508.339097088943 2550.7873828658912
1100.5704622842782 9678.917443339815
1717.811198552831 8502.230981418814
5270.786251057049 5183.996784290978
4033.1831882062106 5172.659204550916
5443.75019727383 2010.6078397863926
8474.036015226682 5800.521897823578
8767.636771953295 7395.658492817974
4583.678419369467 4328.64089382772
8503.590092119937 1378.033489774352
738.7639096403731 8955.589958708053
5559.048128834416 1301.1618836499372
4398.046651583029 2703.2474839181095
3760.056882961499 3862.5649020488663
1541.0856145986263 334.0386206198132
3061.439768000155 7171.377885942359
434.5897394008591 1009.5199434900181
7653.5476739579635 9146.135469122295
8902.183835822776 4896.496276052477
6604.401709116035 6031.9422760930365
8245.243075360375 7049.803281809117
7949.527410760036 8197.387775847752
2158.198993962688 5308.309069369163
4873.907335303398 7128.208753900884
7201.638468031597 94.07678108010353
7627.638348288206 1726.6428405011136
8116.559924653125 4248.847262700366
1388.2465898850548 6637.380438188041
5008.349525277456 2115.2187354568964
3797.540754064366 5872.739540837507
5980.443492138369 2883.242714483992
7138.535067079241 7637.590691337577
5114.171921426727 7890.788950235657
8678.378903844421 3167.969669880022
8504.88882006343 7818.454609257739
9764.410371463031 2371.713829897485
7008.768868452742 9932.789831030337
5390.494438471257 1553.613316236504
5271.586094594759 7004.796849245757
8043.4003614914955 259.97398142207027
4473.309857563236 373.3430824444228
3159.8056538664787 2824.817456217873
1984.4802705292975 7732.145163531852
5689.649205845947 8129.854472178423
6055.888061487374 2776.0883349201126
2483.8651241402367 4801.850180633051
6715.954947390189 4246.683864569381
611.7948420149178 3840.2330544157203
8457.055282128438 4141.281426810619
5472.796852876245 8275.348165959107
1458.9429698347733 3551.484078877838
935.6918505003653 2837.830924500855
1307.9787085293804 8722.648194554946
552.1783964002968 8978.958868162492
8635.969133795757 3349.9960724565526
3551.839738539092 5036.757674936351
8794.046336487354 6417.691654733607
5926.390886324745 2806.916524442634
1089.8413102935622 1645.1880100780759
8065.172869421763 3302.7639177010237
417.95273538651645 5916.544958831759
4972.160604420799 9610.371826944916
7273.839785124312 811.9370525170566
6692.61330206677 9258.36216449738
7841.749228072492 8362.373519347087
2739.8973077658793 9379.140455342695
1194.425193396651 6190.773014376122
1625.330002391927 1238.9700347974774
5431.125726611061 1306.6505344735513
6328.673882806171 4829.501347091156
9768.888547930255 9510.269922340405
5344.317414812546 8528.182867852456
1498.8333414838307 9195.048961492825
7762.117162659403 9814.163797979727
8117.64430791832 3135.9964855827548
7610.247521210262 9830.282863264738
6435.601527952815 3978.894260075836
6.4776993194282095 9370.15103961402
9004.705683323646 9452.16099163811
50.54887014432019 8181.414162213017
9082.878965725467 5835.980756317069
6423.254879317203 7163.119759095349
8390.050149546794 3167.8416587146817
7778.539337424291 6194.245670941632
2784.8897533289464 6499.331868354571
7751.352587806081 4764.194044933595
6698.977955768316 819.9426724760361
5844.6280594418195 9695.761346542093
8872.374016580972 509.6343530794467
4916.150474428867 4750.930140589688
7751.498880746014 8913.006414898828
2785.2997497913425 391.1774483639463
7294.276314619592 6910.715723980498
8302.902032267206 3351.625562134283
911.8205429592663 8048.908215239183
7449.8861394571995 4121.266596847054
8617.66913384781 281.56562361112856
1656.2772091394029 6233.472523948371
822.8522539626282 942.8947938616627
3840.196305398628 3235.1690149318447
3386.649364146989 2408.46503614747
8369.075127941507 4505.056784063091
3476.5386109536257 1370.8465615635757
5137.077173798615 9637.210055635485
2878.784987465499 1301.3406213161572
1988.0950660175122 35.42247069602933
9243.486628440172 5736.892306623975
6276.123761331661 947.6327261984662
1802.4164684691823 4.045703211296159
7953.796017558243 8491.767543589773
1150.0689581632407 752.893745326404
8967.615327746595 3977.244115793076
5734.471115542196 5395.192135144569
6510.489710570805 3417.1087815605215
3892.9320979154945 5082.093349582192
4409.521637268246 9215.357692128482
4346.665527368457 2033.7840710474609
3669.1491434452605 6787.300294263504
2108.4140992484113 3335.7390656432294
1225.9128892775827 8661.444828229567
1513.6563800198421 856.2863047667068
7338.967507851365 968.0702841549427
2799.027081609751 7753.812983430605
6271.726484115126 1050.142065280819
9564.886375228332 5662.085916069056
3956.2264505644484 993.9748828627027
5606.160045119085 8602.731036543248
3321.0837535127766 9882.27992547214
8786.64486384499 4223.146791625874
6393.4172359064005 3844.690496804272
2642.216571991417 3802.989418479509
2306.28180864102 876.0856837914665
5253.405184441192 2545.516937530655
4393.8667643502085 6564.115700375116
3063.414608848144 1955.3915093529617
7698.116709759913 884.8071827974857
7420.319071903161 8151.899419078615
2471.880898809278 7388.473968017145
8385.015232289676 8741.487963893596
6924.496611080944 3826.6170965671477
6417.003186967701 3545.0017660346934
9790.871276141923 4595.443754812535
7866.690095398673 347.1587554698152
4316.6793862402565 6825.969539561026
6260.571542398277 4078.549021590979
4110.26591533341 7726.495339841293
7543.747093125913 9036.59938378242
3209.145095844571 2292.401604531995
8575.39607009672 7610.095045377221
6313.382303823019 2549.2619637770417
9623.210395367383 5859.87907298707
9967.199855213341 659.9622673809746
965.8812863143218 3878.6124757551765
4440.632961961189 6402.4684678536205
4742.0516714897085 5377.967884197637
9007.83310650781 8451.277793321327
9624.439392737495 9131.729148990198
2563.862161692587 4764.488507543634
7680.788116048733 1830.119263222808
7456.424854666464 8611.557909587289
9032.252539663164 1748.8923906714915
4888.9452232048225 2340.292758626461
7902.03502385043 6600.367429953482
8071.494049220678 4929.072489752906
8563.748079561723 3852.6158660135047
8584.340254746203 5922.737139693311
8515.92582698858 368.8987322175863
7385.741070810587 2325.2706518506693
1210.717969698706 1193.3773384627189
3280.9804833252088 8809.976428279246
4215.288582014028 4816.508607047757
5049.255513038355 3676.986263380012
8544.059634003512 9506.737021160276
4678.23332129221 9542.68645697815
391.4434699806568 8755.351121308817
5163.416810793086 6591.518619115763
3971.0080156877825 9842.262589792614
1621.731899623623 963.1840586152218
1060.6532633024567 791.2567485625266
7661.6696384795 1.3958008898506957
8949.057108467758 8217.702338624882
7496.690253659589 8681.624712775405
7845.372592181659 210.14935080648777
4860.243089083774 6211.3386644721495
7911.446245292176 4794.782148265735
4993.618015304509 8979.815027387387
9206.221535865072 5197.34143631911
6875.400057824081 6096.5874743024915
8546.627811974236 2545.3618657317957
7607.595231122811 1541.6514988853403
7738.568128873816 567.0849335107597
8593.64173811444 4852.18967960898
4039.0840380359896 4542.929121885869
2366.505420261784 4868.4560508441855
86.20938691107915 9946.162432012252
5225.396750585385 299.86568955061574
9882.063316223279 755.2976238302234
141.90843780358287 2539.990047129761
4063.7642414986885 2567.9484837886657
7510.573905777978 9644.826941017936
8151.3055254210885 4814.179935601885
7341.233402770604 8405.583008711787
7321.382664091399 8069.001402393613
9579.403028254015 8790.875975376628
1274.3580792753894 8568.151395929644
34.275293396756055 4161.438168490137
6409.746007683467 5079.784865039239
986.0859787628973 7562.832967950257
4106.881413757156 6965.711653131613
472.95553552580526 5490.8858585857915
8165.92296047497 3310.2405837258975
3720.1878567351932 3763.372390872687
3601.7357134389426 7064.423172001155
6432.280321116116 4599.8337996552955
2900.3556967505738 7636.748327617563
6386.454295845917 6302.963783895381
7797.952710253517 1872.3991948447506
5776.1590294189145 9420.177848576483
9148.4060181569 2084.2302344713626
8358.367567581798 8718.843297935347
8052.396685599717 8370.656285597031
8397.127412635135 2369.4049890558754
6995.1748170076435 7481.518740368558
6216.275511116977 5431.408746104133
1417.3196889274109 7754.633386750427
6228.120508005341 5863.525607164562
5355.565134873574 8959.481468720061
5887.08658490701 3662.3307326164536
8894.07400596249 3627.9342963967442
5082.484312810859 3304.8515417471713
741.7880984533942 8090.547495325793
6673.482844374206 281.76678619160066
9473.992381741342 5944.137256533174
4267.524742128624 6860.570092006388
5025.190557145805 19.26619141669139
3456.971324647965 5820.355622430141
1887.8534369833578 9380.248636939486
9702.061025960857 9209.93469303153
2110.0282741920996 6929.815647723465
4367.037344449437 6831.8718856748965
6904.459331221225 2787.127505069825
4281.600996754239 9102.629512722344
8921.477931520518 5346.249917423405
6484.632081847313 3779.7866376503207
6076.634972489696 5456.867886767025
4669.713750943486 4214.524859738867
9648.17615011801 8072.470224088212
6181.445381362653 152.30688602893673
2133.71937011417 3678.4653907865463
3084.1351840619323 3725.198392033767
9905.405684439096 2131.494431484294
9966.173548280163 7581.161826993417
2055.9418190293245 1236.643275115712
4411.576610734505 425.61276293719754
4849.037656165707 2952.8419166614863
6552.423504043324 1421.8408660637372
4236.049035407918 4927.418938228991
448.9588908192188 1641.5778039877948
5370.668072609743 5238.470950795147
6488.175112024246 9011.916836849672
8822.273265897937 8815.214649239475
473.8034608321995 4108.685182567636
6940.636876340448 2728.0702613239314
3409.074971721835 9263.233353487454
5214.433851673313 8721.531468074238
5019.830820370129 5331.354460380625
6071.657652170267 3347.622365080053
5041.498618463779 5470.054542930949
4652.078872993907 2609.6640430749176
9454.676845005382 4440.33750827214
5955.127434143389 5502.73430350276
6847.4222117264435 7289.514337848975
7682.993110059171 2566.8857444258965
1847.6038482504298 2850.0127050669435
1236.7816484228345 1299.0697340405654
3716.372470271547 9396.829188382091
7875.880247121958 4795.254082942236
8991.3690394872 5586.980024215781
1866.7173667396276 8417.419444140585
7398.938258920796 5025.276817283913
2178.817867486164 4263.284691749938
4412.910365050799 5622.883394859237
5980.109085082095 4160.299725452414
4368.150202430143 4221.112042922448
6855.748422461509 3641.0054381623268
5867.821492084289 3006.9569853516387
7191.451825456715 2892.621948183608
3146.0737349177757 5112.119718319381
6879.26852384583 541.6052940192828
621.70450130004 2695.672834464713
4268.812191904545 1087.8331547049402
6197.391410445787 9276.686520839172
9824.360529812537 6301.3977156765295
6137.736832234363 4870.7353667015495
363.81636260906845 8101.409493701875
3157.885961348864 8579.582013772668
217.4747547164846 6985.331032981029
5280.034000090697 9234.357947459539
6987.042573833813 8339.508078482184
2689.5306994074886 3020.964414150611
9221.066941912419 8042.876486864565
7584.800642154781 5405.826440960038
5230.27704340121 7728.115529855532
5105.979913681227 8155.489399647695
384.3390235763777 8444.480133387602
5577.853530429675 1143.6941916093945
2680.903584368707 1710.730939058479
8897.450419337545 1485.3663308156606
5381.107243397226 6510.005018283547
695.4267963291172 3805.2969240598745
4802.222498693617 5962.403713618889
5537.517105883761 61.00544711982958
5248.390404569115 2967.7216051277765
333.4819864999916 620.9858628023035
3127.0973665281786 4244.512951449857
6944.338601604256 1039.5419537289374
3999.30701285931 8777.970738552132
193.7063655493365 2547.491048507746
340.2060492348913 1242.041104099495
6505.369885035096 4294.504425168451
3812.2564675122703 6874.020573578906
7661.597938264848 6769.270450796405
1237.9978240447954 2550.035341912983
9888.272019472139 3598.900501550183
6455.00811192425 4067.4412145476135
448.205695774313 2660.706755315818
1051.6390919080955 8456.580268006586
8111.312230216601 8248.098425454906
3907.342057163077 150.55834402687097
4008.88461456954 5596.310437433946
2240.5689197659826 8979.611000665891
2498.1379376821656 683.7605383398759
6393.431552039356 8438.399380681272
3844.220512380596 4901.184303571743
4335.5473615411765 9085.932575500296
4931.103373047105 2353.2665218309335
7748.622537224428 7122.479492711328
8942.283376796984 196.25194110255094
8605.360369849552 8978.851751245074
1496.5388930503386 9945.871588622642
7948.355148777968 8470.410077270972
5262.093867043398 9087.135178853463
1686.2835341726202 1461.213049467459
6090.726916588547 567.7228598523243
5220.673946285666 860.9038940330194
9327.08811998796 7563.5900971707715
789.926629027059 5921.707533785519
4949.842559021249 9356.2521545152
5073.830236324989 4271.590868830181
9776.295285213255 1462.7902016096327
4914.2328662836335 3100.3731914408563
9539.947948742443 8822.197581665541
4395.2443736255145 5273.081736100042
9475.845612208714 7222.490292987532
5410.7779809023805 4867.417224721596
2034.225397000704 6290.009082542037
8423.640480865024 9709.16621150225
9525.46475619658 6339.176146308828
3600.0842292343036 5869.997742207776
1830.7617318668067 3327.748819809182
4526.601814626536 4538.343690034483
6247.7132090573605 20.458550771240702
4932.6183663539905 5768.219722994111
3610.870305247458 5596.834009201403
9421.765857153227 2842.2284761090823
4163.61591285021 2258.5566784436073
3522.4533614606958 7839.945692698527
6694.415739369235 3558.7483580235357
3042.261663340786 4288.865472215426
3015.235439880378 9969.707633646203
1445.5736235404493 1740.7597308291868
798.647636073092 4184.42218794094
3057.108589802794 2821.8434390015245
4282.058074848947 9385.609553632961
3359.9632537038747 5500.694361521895
9091.139202709926 6058.472865189026
9117.802394580243 4614.786933836761
8955.816783233593 2092.712852482451
6138.471351198006 4002.556821955161
2779.0853553813313 6557.044973705719
4401.2019471317835 4875.411726328971
515.4202603919899 385.05657165040395
991.5221205873193 5341.726437953231
535.0033199913162 1365.9449185839167
6386.002118138596 1011.2082923068655
3628.6089871356285 6737.623862665753
9676.965951487617 8077.801579798593
5252.703009524572 7734.711540634726
6317.782785954262 5115.994906242921
2213.165279549647 7852.800674480573
7549.116673693672 1549.404299413386
9146.520634275033 8171.302326896522
8393.481889439972 4030.7245275329374
9216.03456321904 7382.145568720218
687.6727623365452 380.9713917467261
4154.581247438166 7726.20545270926
2400.190681506782 894.3701340003174
4227.983601857673 5246.093805076155
8956.750212784937 1002.6157554726223
671.6480682873527 1211.6490600131292
8681.884857709329 6394.106386790912
7440.10298777028 9883.001680713976
8191.150136921832 6541.556108990303
4222.564343545766 1265.891357681499
3722.4426045053006 7553.567361372031
3898.8574261621766 8034.066838104992
3768.0686137726616 8684.300971026947
8073.636476081447 4144.805845550086
6148.969815975472 399.34963216044395
5736.588661043555 3401.9098787953994
7611.784015056579 7523.954825917039
105.08451894102765 657.0871544121226
9730.733066377265 2447.3513249981315
3648.2923201537633 4642.2514251242455
4275.943472010707 1801.0344811124924
5316.053482747979 2735.714898172875
2174.926419076946 1480.8243059593763
3994.1604046105404 8613.393734391337
1892.8217409155845 4503.973748677734
9157.595535343462 6104.087099318961
9790.25897175254 5403.846506865566
4374.012499081278 866.7238767731544
1152.1978443210767 2990.3139266634603
6967.7396639383405 4165.964080526384
2471.2335668474807 4043.657152620568
4242.183068434621 1566.2139569316791
8874.119124520334 2962.922472167614
5270.039971935447 6957.899324986065
3413.923670509205 7734.410319960177
7399.072560155621 376.2714120027777
2256.6570470391866 4953.410770044285
5843.958643622788 7688.720604263723
5140.053050507103 2985.198849122431
9080.895617661072 3378.28748501614
5437.092103544194 857.3438537184941
7451.937368978985 3216.5688500750043
6112.10079444927 1300.6285129231376
8698.070027792102 6139.203940005588
1237.0028618104134 6780.531813955932
9842.296271165922 6432.446100935721
9243.916513163358 1926.1993173626602
6197.290139667394 787.9502460950293
2656.664432901039 6783.150816709991
5342.459221093826 609.7989453129626
7633.140442780027 9675.714947711862
2746.838334881384 496.1876761826589
5210.47408765752 7007.955524210681
7489.954437832287 1149.482958735797
7986.113735968978 7851.825012681318
1560.0709489622434 1816.8554867542418
2089.538747168301 296.7596981067977
7189.832588980152 8583.425361658255
6602.4345304722865 7335.7130481845
991.633306614883 4085.2554396956666
2666.6344570962565 5051.1343033733565
5787.094895235113 8065.9109259271945
9166.227399368385 3739.322281005697
5867.161366094236 3238.7517278954347
1236.5847430466958 2157.8868430823204
1932.345940247996 2421.907920548779
1980.7876744451114 3439.7239166265667
17.241848820445107 101.36078209785349
1989.0724275142268 7405.959042236604
9336.812852097151 2482.725242527741
6259.655010827369 7465.068427853727
221.30527495949127 5058.460417609065
251.5541918705888 698.7752391690427
7955.362767308131 1691.9865087157104
6232.582480275986 9225.108847116415
7490.769627775026 1742.4967963546146
7816.447807396145 2022.3592492256205
4464.933610257214 4841.716292368457
2973.639336271423 8102.137953695732
9648.439801329438 990.2524554448977
396.22696521322666 1382.6960761092455
4487.090483170719 4666.083599651382
5673.400086690454 9362.795986057501
8575.274161620358 4530.328998143822
7339.706782115228 6095.061775607902
8274.873304377155 7180.534242014099
6319.992245510826 852.0843141140277
5809.281838088261 9157.751494918979
2511.729891530917 3573.5076355018336
3825.47353283758 9057.741660400972
3014.4368045309143 3883.072708819768
5558.899426132875 445.34276741897247
7122.843175867897 1881.1985195759485
8449.48539295789 5518.874250068673
5881.774547681432 7669.281927787894
8955.74424812426 3157.0539408037366
2861.2949521680885 1496.295049938855
7016.36377837423 3630.488966260269
4122.890826114569 7202.489814118599
9312.949793490312 2855.938462955736
2336.1523813276754 6109.876738811322
9497.340530088439 3264.547078182497
4141.411659298885 5100.756303302775
1658.3314695071028 2248.9961353367203
7078.308249097789 5676.183141566161
5932.786833152393 5663.172058513796
746.5491500458976 2939.9778711857825
4746.331298475245 2232.300164849347
1187.7072137938128 7222.14532168653
8056.619648954811 1947.6932603288287
931.0191526324007 9516.859024936679
8831.345387632527 6376.0281234412305
3132.7987278684845 1892.8601933497503
6456.633899719024 7968.716861408701
2900.4399928834446 3960.6301442632
5623.69100053667 2160.905346543419
2783.826212357192 7912.769682429201
1182.35779077265 6644.575963913318
8064.889023928234 94.98816602268589
7233.418974754047 8222.713096550735
4056.061019301671 7060.131244510899
5274.978168990932 3699.3115729904603
7717.50110202096 1029.4385770212655
5667.725456048852 9788.996257263303
1660.3587004565156 1445.319408682555
2664.7975429059557 7983.115337052192
7414.418225251589 4524.945115827247
2996.662827805887 8593.893335246285
888.981277981854 1760.1914387129837
6068.8067617908955 1027.0618070923222
7160.0651087931 2245.294631668033
7163.570263547927 4939.775190561096
9151.703423361774 8026.137667967083
3125.0623836191403 7402.092397785741
4726.663483545872 99.30792353011752
1154.6065713669084 1740.4748969858574
513.3303242618925 6048.487120114491
5967.222044784168 6550.622697003206
590.7945576202467 5296.84975268122
8176.028558787526 9304.5130336242
3575.160720860324 4714.65398251222
9956.797649195612 3532.6659726226085
6527.191202069377 1956.7604603385757
3235.9810152157866 6907.245500052226
9632.23121338886 8031.974196195797
2808.4259516051015 7272.82919559718
6576.945226913769 2303.0401577776506
9888.37094154719 1509.165726590751
4164.7022371880785 3771.398362021462
3481.5316233070726 7053.206829869543
9486.58770586105 7987.913181531575
9320.648708238874 8703.004584547516
509.1633885991975 7056.500816098776
1124.2576957075512 5371.82960238889
590.0513230276183 2297.4310542668472
7622.4757329154845 1574.476263950282
6893.381747576699 6344.648319644079
2628.032204936047 1362.5050749542966
8960.430217359408 4097.4707776746
5578.088525520114 1116.1356123582843
3685.4581204519686 1694.0709427666102
2000.4869381873025 3026.446433194544
2306.2743625894645 7329.07423091077
9362.183347480117 8677.460227432035
6420.009976028577 4535.949174551554
6673.339634243748 8628.692187839084
3065.6371009405702 2100.533636455398
2422.717390120107 9834.075281811198
6426.397363651909 3413.599067677068
3211.1068436977243 3098.4344770206685
2209.0644878302633 4886.6329855038175
8118.755952558815 6171.509357445977
5573.144316689924 618.3175967253285
1606.9226086658584 5490.368878674492
1755.3576349129908 5452.893961316756
7496.838434511982 7306.100691942179
1741.864879495113 757.3324075794874
8600.55105412686 546.4505753695926
2289.640820548432 5295.8885403683735
2115.6386451302224 5631.932844090447
3226.2405028583185 3487.2969895476645
1647.9760047238035 5516.34273670941
8481.436591294754 5942.551660976031
4447.781697659317 6750.305082825432
2415.625341197729 4944.684653158461
628.735799504272 9949.810706519746
9045.319076025153 2646.7353929107317
3491.9507336073552 71.03049081035651
5666.778207596721 1255.8984243794414
1657.5270256450735 5520.679065674808
4226.6697815709695 6311.5414739626285
9838.865625007522 4637.079528677846
8301.508950230114 4487.84669482343
3793.7146405335566 2906.912368564736
5092.168527442439 4014.8386201979115
7025.283605990584 2941.9187721067806
871.2362034486109 9202.967017999908
939.0036233404653 7899.871983597447
2943.2468234887956 4965.257679929923
8778.343673462594 8558.52575880293
6859.276719001958 4536.943208590384
2152.309363958271 1390.3761692317619
8729.67103669797 9468.520029751257
6566.096725308606 2957.0905202218423
9851.2118332533 5362.411644600489
8284.806264807334 3828.177352188378
6669.4129327431565 8290.86380231961
6434.959515813465 4321.250295346156
2557.913314536362 2493.313876907971
5442.205343238421 110.16230044784359
3928.8575887509924 7606.578048474042
4112.811196090694 1588.1910856477289
7650.752049740221 9780.419998245066
8440.796579245156 6366.734895189777
5646.811450551558 6189.23211065345
5541.896821945496 802.340835555272
6908.284281800572 8262.96039509054
6023.775176298084 1843.4327464203648
6383.289274724485 7255.4598678730545
8591.015639093483 3269.0477358752546
1281.8296597568956 1055.2435099041602
9651.20140038605 2099.330687622284
5484.151044878298 2220.6419805909604
2092.574680416057 7905.660430948143
3431.8664212882054 9748.998022746106
8892.669481666857 4036.3291144396576
8558.211125930471 6249.55303281787
8275.456843826287 5783.513734884601
4759.209203864218 1805.9856942041463
4661.115490427348 4763.969738016076
4009.518293223928 3972.3670725760353
9265.633364134712 2225.2780893914105
7747.092109084582 2681.939210063604
9020.636310029697 2804.3647491801294
6876.8019219794605 8883.371523119496
9842.435725045412 9297.720454450486
9710.165123271689 1344.0409474436021
6006.620943942791 4543.34463430885
6932.984744805807 6236.100612933668
7054.859785393766 2021.0031045419507
5596.531809453761 1913.0345369618528
3984.0691341127276 2048.7962158910686
5646.271802649414 4945.982098759521
4467.038727095784 5994.281943264781
3298.1236902330534 4211.628309057858
2519.7884456149345 7245.950434183497
4857.949731371666 1922.0008218478513
4473.728057908256 8921.621489832645
8275.719339233408 7205.594770576467
1084.4271101734325 7977.857364556654
855.1455323774859 979.9503274860289
8320.653749136507 8474.077134500023
2087.323782954521 5140.863517701609
386.38071059948544 2167.0881961540913
4451.413794509655 2111.077504901536
9323.208094659405 1085.3483842802968
1770.9217677047207 5949.936880573987
3647.0357599154745 5732.161487473706
326.4748830171682 3122.9603950067776
99.7579984616237 5606.225252454098
4912.146913994419 5621.2504572760745
8154.864540766982 7287.616807806912
908.8837070941657 5339.989490151463
2441.015950179276 5302.497420207506
2312.39555759474 1547.8011834081562
3384.0477456846274 2813.6394776257666
617.6118091873207 8146.360976772121
8499.55200135088 3566.1424123986662
5001.66616832284 37.855350808126964
8593.218864847131 7860.392893770078
7469.096844719756 4728.843277446767
9686.385696690177 8136.537583063309
4974.770133785161 5705.200808642452
3308.7874519483494 6176.481301967892
2016.0252311997285 4808.7221152096845
9274.772801179415 2262.230443533395
9799.221541480612 5619.738197942733
866.9743461313006 2681.9516242119466
4265.71630612111 1223.5655313762195
8294.163615415191 6414.837954383756
4394.899922482782 1513.4910027862502
5280.763753158974 5179.790223821261
771.8904059320441 4738.845417537901
2679.7884552891237 5721.5248535815135
8428.810496112574 2979.5484591860877
1347.8239809652348 4839.2759068453315
6777.859850906033 6226.762867681551
5639.912365882308 3970.463761763975
3603.7016637884344 2502.59003454939
2323.3397346096885 3975.88859894494
3552.8730880827507 8926.601898049197
6941.827667954293 550.5556100076292
9529.225131580608 9060.60778812435
9935.571129853673 5205.096384804059
3700.4223112104605 435.88592761964475
3117.4688881122393 2885.6417174933144
7860.998060316222 1091.147737305731
9773.196385797846 5087.790791838322
3158.97796477576 529.2619430948408
6838.781687198148 315.22558369672214
8744.764951726847 9210.810226300711
8520.255513523998 7376.256279342936
7646.617212784039 5381.920463465753
7419.163675188035 2355.8517094966824
7763.590304426172 3607.003433799476
332.04668945857276 3628.420020324711
4445.126384880351 1697.3834320600267
9220.256713489794 8305.342897553013
4087.8633999136605 6048.739386738281
6421.711836956629 7144.49898604319
7630.457489000814 6780.660025464972
5652.501373697476 5975.702468648405
4280.812731797826 3347.118063985248
5192.062921365479 3028.865274587139
5447.756975589168 1088.3628701744808
2035.1094230776666 2290.1241751199086
6911.317568979836 8750.897265486023
1369.576843126068 5870.068611233576
3534.0491389321073 7260.071258615859
9709.155042943601 8808.912451290316
7220.297366052232 6770.2514682245255
1174.002495121066 5301.1546646234
9552.355745862282 939.4110899581875
7508.359665100046 349.9430535742243
4672.242471905464 710.9759726851794
278.5904406819695 5248.543754991879
5683.319314651597 6491.016986077225
1287.7835199405663 9001.048574417788
5619.579491318326 4354.888812877113
8694.663830968748 3863.374089163173
7442.256991802552 2642.681552665145
6069.373265597734 6317.516709744054
7848.767354322833 7625.661643729589
9248.209726025358 3709.514921789713
136.72652316400357 5408.718933956346
6037.481136087226 4019.010800981732
8972.330049800898 9289.668622840643
9461.321386729423 3598.141193883336
5497.00631355712 3672.360236749206
1572.9364071733753 9453.663324028828
1570.7346258731513 265.13127345911045
4186.852948809301 4785.910630725387
9763.061069481617 8539.090151682909
2742.1816875606632 7620.106092660466
1473.3418990762127 2716.0777531485714
5243.894983755509 5873.796376125757
3513.9272396220845 6523.405343788681
8408.339682586275 9919.299931548276
2969.751160414652 6815.804500668413
4234.780334717731 9638.932899273768
1944.0301652161795 7086.717757851638
8543.94191840082 7693.321786289829
8763.086164158236 5075.021071013552
6841.002691220301 5668.243551602666
7144.946152509277 3382.767410734766
6521.4841217854055 5617.997458743371
1822.968241159111 683.7368523008403
2204.0039880435825 8522.225379872347
8930.147979153506 108.69021271568525
5531.91817139664 1125.8301453166341
4655.702418840065 98.08720263717818
3918.2085034878587 6458.878512886004
9717.052091492287 358.17526947413023
8075.917621783242 3761.722342272846
702.5810683713285 799.268109966178
2592.3321549097477 6717.783875626165
5058.142442389732 8302.700435243549
2637.490902230324 6126.197172839892
5541.716141009988 9577.455343322157
5931.751533147323 6005.968233501176
5311.624535820877 1886.1455383338077
7937.1699375406915 9955.197030896854
6576.210365456938 375.2634456580173
9278.888559438323 9634.49710950668
1831.1842259570233 2515.1077193227325
1146.7537631095615 4197.597851852202
1307.0632819823102 2431.804532958588
1074.1121422324895 529.4454785074587
9342.525817212862 7804.410574188375
9062.436995431673 3771.042658530824
4056.303492350092 8633.975556427684
1708.2081904297975 9370.331805079311
7191.684363161582 2022.0108946783123
1392.7440220721298 5014.736027563173
3570.7337172557686 7708.775802562321
774.1727401746934 7717.083275715778
7160.893915619117 4543.3885337455185
3324.8744226119097 3604.4781297122154
9356.671507539106 4129.00463439658
7534.528250855652 6853.473115543931
4182.766236898896 9390.171095961925
3751.152564289959 8524.751482982792
5332.352634319714 2381.466751839787
5836.624439660561 8150.831663093304
1160.4102766229928 8319.737565975505
7120.27775993802 3087.502578151267
9463.107364260022 1439.943194134773
4076.112175081196 4360.406625023195
7777.086119268519 4682.982946542219
5319.9191019654845 1913.752123356579
9869.872252000047 2193.709092219913
4.185530636875434 3871.7941432048665
3305.686148907417 3779.646135008421
269.10735401623367 8471.739220373496
4681.92059483589 47.62754084795318
4872.870397510775 9486.12954926972
6862.6125893571425 9855.469290559091
472.1711734404155 5074.439376406269
6228.964988372264 8262.177620172897
2351.5317828515026 5047.440137774176
2105.558588732185 8969.041086173287
193.87861836573484 3564.297210202985
8493.621614885971 2717.88795688827
3883.3592124710026 6808.960617740346
6052.166102965366 4958.482022197246
596.4904860855003 1941.6348364205094
1894.3895986327052 7954.544106446005
1346.1752643182078 3827.9917542633334
4187.554070711726 8573.467583422389
4695.71476257565 3413.2334631746585
9476.099616965617 6341.953816523362
4517.067623612518 8231.303728038802
9642.12636141495 1453.7351865600667
9971.200380627959 1671.4868158736972
1851.6697458419894 4973.270798324457
3243.197787579798 7183.6886197671765
8491.29405660165 7603.359670139832
6285.624941204945 4965.2179514889995
5177.234409173471 7753.868363581347
6500.70404269651 1500.992624172196
9111.290531920324 9132.98761857136
2067.8587214970767 5033.172828242168
5057.426576182921 7837.435209961676
7658.300634663408 849.8388235100185
923.7477960950902 8381.733086416261
3901.3819342728275 9947.512416777885
7390.817569887537 1007.0701149794714
6699.158614127012 9226.989580376801
777.7124465198582 8764.886171018105
5554.007697588451 4927.256350546223
2360.8190099261396 691.677913654446
6989.689056598304 4191.401766508902
2058.53953681198 4579.962663385346
888.6443711041281 283.7391391110622
3461.654033944306 1152.6946062254294
4149.83339651753 7169.169517021335
4996.539731389343 9785.481976922687
1832.0452702214295 7702.014952677458
9401.031387271742 3737.293239535443
6811.9433596352765 5198.207944802187
9119.811474717624 9457.912778998496
3643.9627158973576 4025.8552896258284
5835.63445665865 5989.172514583452
1712.008026605215 7970.989283841398
3793.5235739308805 2227.5840255069734
3689.105269484557 2568.964293543231
2386.3134571111623 7733.127627705097
320.75369230557203 1280.8338677235809
9758.29533005562 7953.858722768056
3066.2022311002193 6253.517877572915
449.17264089261556 7790.344429139145
3075.421692472179 3253.640406423993
8020.6216936566625 433.0674817788793
899.7468106725337 4101.153044876346
8522.430309925954 3099.7848838147856
4563.894543484021 8053.051524422913
6197.8001320585145 3599.4698623202094
2666.3733261364187 5051.464034826383
6549.898858682236 4293.984318113518
8387.871496337933 2470.068388733232
6527.524059738321 2186.3318656583765
7404.322759932071 6966.338839946336
66.19107191903173 9152.485944602991
7347.724583921208 8076.843811832302
8609.06009784672 3502.9283807807496
1277.6146277745847 1249.6263343218538
1905.9950161854144 2994.333745884078
2525.024215105697 3885.2859681459995
1147.3931305545316 803.1793995628101
4888.257275170835 3347.118628509872
9705.477588289283 5888.997494157536
8234.537234428095 3496.722704745533
68.2722183782869 1560.2048406226554
2994.220629996228 2285.9776311285905
4013.713006139671 8411.646237919971
4513.919748466855 6865.788926643547
9282.058675160022 1174.9226993677319
4023.1802036599297 2370.881804197248
6624.019007830412 851.1307333731521
3567.921212836773 7023.212781492557
1007.6535268400833 1104.8127078521563
7801.425400079927 5595.737953721559
905.6178025102057 1881.4066041498145
1894.889705940267 5715.930614234518
9452.452362240594 8017.721951361699
418.7756673317899 6897.576873697278
6404.006829431206 1494.3250832767662
4160.607395558681 6407.898656067088
9972.69918799744 5760.62735266568
1300.2732659500405 6193.139931991941
9593.827928766896 245.05734235240607
5862.722199954273 2802.8005546599043
1381.5054752834644 5878.200535089592
759.7596046350363 7206.635635804933
1134.7489655275244 1636.2430539601623
6276.0371351495 3555.9834987620197
1474.1173190985357 6277.937059510221
7115.178849419862 4807.775617213185
9459.203477913708 5537.076666197593
3579.739396352638 1319.9201652913362
8675.869162545016 5165.442138936418
9554.05258244272 7469.040405366411
5962.98663686377 3639.823468609298
365.3780615991842 1817.6981126782998
255.12997402678096 3651.6698318967246
9509.800340193133 7334.4784859410765
335.5082132600362 7307.225557047702
2062.3839438068217 3370.0733747262866
912.463254222009 8571.699219170314
9960.387434523847 7433.531828326099
9887.50728067497 950.3535962044197
40.217381680033306 6911.693886440329
1010.1280396076539 1030.659261922181
2453.784125526752 4789.979596275673
9290.121624170702 6728.798305574308
1787.9046370474716 8959.493563937647
1220.9763250746807 7091.871331428186
2417.5759106348237 7100.893586104028
3876.59597324007 9937.189550724712
1785.1567152431458 9511.851906539157
7913.546436619865 2162.219214801405
4675.9606200925 3871.0248822851568
9473.213815386487 9592.886494805083
8881.815285089659 808.5023321754247
3445.3996834229893 4191.894177473629
2472.486455602344 8726.61467637602
5229.848788548283 379.755285570329
6742.5749913945265 2099.4191900884716
4926.570747729905 6107.287983306959
850.9627283825882 349.31573928915105
3028.255656983683 7072.8603126003545
4501.167335147478 3337.8637792803956
2356.744522495853 4967.3763833650055
8378.432203036751 1978.7540459463792
5707.999626501793 2228.288080973718
460.3809317821328 2821.7800011008753
7953.09905431146 2419.3354622633933
954.3433001054702 722.5704445349724
2125.925352789977 8051.7265251750905
4438.627768163999 6020.654489829232
9403.101477772643 8900.472193638238
8467.41907221464 6.184193436566954
5949.453897407711 8750.209129824032
1481.1609090672184 7813.784464031055
3674.829033007959 5993.330669919299
267.08397408728433 2742.9890264965215
5182.921730643634 3826.091545070799
8536.338363430643 9486.300103101197
7839.7302358782 9578.236984573598
363.735742846476 6535.843439691666
5714.653914914124 2727.639699330677
7012.177148912357 6402.022054452068
5282.951703454903 8899.889355918693
8807.304785388067 2243.415636222803
8107.625318905106 9642.477249989983
9418.093414677995 5891.536884218276
4661.4465349794755 8304.804517691848
9442.56334359411 8479.109475546764
4702.160173117052 2440.105606364893
4390.477527452944 4919.603255687479
1173.2508518435725 1441.9447052726164
7910.098755008887 3854.905202833876
3598.15531527659 909.0847813121328
5427.295719602014 979.7886481802287
9333.613644377172 6110.449916503958
8869.61061149472 6264.5057599406355
9676.703528541688 2580.2481101880394
299.7693499783749 5227.954039002326
3598.5906135698588 3462.4513144128687
7763.398238779527 8798.716492052707
9413.813537920581 6558.700872747234
5761.440779094118 130.0552464352711
9192.321535256957 5649.481088931229
6028.150498652336 1869.129042426031
5306.908237539483 7055.390632018348
1921.4876821660375 4856.924762175613
5739.1590149121075 7847.533719034279
3582.1521411296408 4629.434269661243
1635.84095389814 488.9439288882702
5408.12565862139 6582.251094421375
9117.381392300822 1663.9112166967861
108.83885499036406 942.5836497698392
9312.651418436988 9612.481782986664
8099.070546796743 6988.943137126284
5882.322731811024 3277.496034347688
4269.783424868254 6179.094591313752
1847.8523593935736 6997.084926319754
152.40560827994963 8054.000742731575
5987.913888940239 1368.4128349266955
8132.020478534714 1515.3689940286197
5888.928142899822 6309.772840749396
3372.3481812022515 6718.199617644271
3730.766207958008 5858.3305489167515
6467.174368283586 5640.5398641371385
8660.59655202556 1019.6650432435616
6482.60611774998 4320.230891840865
6053.261984543129 6247.868295292645
3159.104005186174 8048.585745435678
2107.490325998794 1518.5349590574403
9514.256492139359 8944.273620040312
442.2081689195911 8366.26186947802
8888.61014565939 5700.741606507086
9910.532149276014 7090.6866035459325
3955.2540552476444 523.277467942207
9473.651588222932 31.102843250838674
3915.2090872022604 1572.8043474576093
5760.966731828809 1115.1068608057979
9566.19115486809 6281.5467800277465
8445.941964932208 7363.287963108423
1769.9943997271007 7211.494428621971
2192.5688053323856 6921.465391953317
9613.242188103479 3927.9184690034754
9239.833656119037 412.43685136813536
9296.464056228717 3066.556429825783
3526.4506875565917 1769.2389795880993
1718.6803797534144 5038.764422415925
9951.81613657638 125.48186044657683
6289.701057574986 7336.231482916588
8811.085729130265 3303.0287980618346
3894.2751907007732 21.49611341896285
5072.835086540738 7729.15634777423
5883.559983805769 9939.864033775466
9192.901522093598 9808.853605837012
5154.919028761295 2781.281120008925
4389.8840851707 3434.1784295349
976.6835758017988 5828.410935935993
3003.358357494943 9754.721607355898
8016.599759204817 1199.4209907426846
8485.93575420409 8055.716556268685
433.62019533797593 7626.748568437772
6778.644736914984 8144.218674502178
5291.851291684973 9935.710555979038
648.795739128234 6504.753818268565
2868.3306967099466 280.44531241193107
1981.9554432240782 5654.570258485462
3398.0977333653204 3681.043941961243
5368.09661093848 6821.560290762865
5909.55034315792 8813.272721966207
5722.946127792066 4493.491205788739
1183.7580532025415 7454.805163337519
7793.06683132885 1464.7372269398218
7726.14171157879 3393.470292639935
5908.710251430678 9428.492656698276
5949.643134586352 1669.5362133086212
4146.298391113133 6975.281061471504
7650.437117789472 3949.549796065451
5440.07638701579 6670.13439856382
4949.509860109084 2823.0492906841932
4882.2324672463255 3058.434889125198
3846.4081282340558 4979.9219462223955
1304.3301384792494 6234.377664980972
6125.906781293922 5512.783638190127
2502.868183944781 2917.9505915935233
3144.297594435197 26.648893150358344
6651.430754568682 2982.406507093943
3136.915866640495 5410.08497105696
8489.239161167265 3900.258518647215
8187.2148844834055 4130.985305411506
5978.065339536211 7082.273553566113
8531.358512895566 5561.888140559898
1626.0032313317984 2615.9555833492077
271.96591413217175 5426.11320505942
1568.746310683915 7617.331873344104
8631.243758692839 2470.908117863735
7649.75626281182 3690.9317758481743
1933.2562433423318 2882.2968120299684
2030.8966222716385 818.3887967303083
2721.3026898297508 2121.825481420867
5658.121016506489 4613.801501241233
8727.525127705827 6774.022871984813
8330.7457351517 3090.8785036147647
2539.214284155745 8048.270692105446
1675.4890688135727 2653.2713778001516
667.2394747080934 2067.322462444522
5388.990066340484 5930.302557590063
1037.4421240902132 8033.806333538847
5980.518824718569 9581.613214142068
9220.674979196127 1528.070109791132
5822.062668150629 6723.4367218631805
9651.821801480643 8581.580265699753
4872.871956633822 4269.2392347664745
3789.8954131963037 8.04796566698518
6458.171160264727 4798.505254897163
2326.9110351683407 1529.4585627153879
809.9219218517917 1885.4278270138514
8274.086650321455 516.1493546256046
146.68459776006836 2240.120836905427
6196.225006160757 8399.769794854165
6668.053094200352 2486.6176296265553
225.76522157889744 5537.690367269499
840.6858619084556 9778.639959528336
277.3818591672339 9125.800954604643
456.6314253332671 8741.586131534053
7214.21386943169 785.6113415410648
5793.601638862952 9749.724197691741
268.0995335038516 6672.173091381087
2243.487850959206 3159.0154368542344
2440.58439116164 4482.964321399137
1516.2451853198766 9630.475944208234
4101.14175718541 2546.879916299459
2979.8388962565336 5078.736659953002
7395.984586578413 8588.288112443604
7165.73320600972 4280.186861530724
7359.606071743115 9081.48354541145
102.09133299768247 4475.809215870481
6495.969361313396 9369.252299894866
2107.130571944291 450.67790650593633
6084.563343372973 4777.223318719625
9572.943113190058 2155.9152610511155
9217.426909875781 1052.9016475117369
5444.154665993444 3568.751024932032
6985.714645233811 655.2239953423566
5452.279940677128 4662.73378448394
8382.99407623079 2.161062004508718
5210.465486515485 6572.357084543997
6801.252804155536 7816.031698911082
3574.768718417155 2705.4135360952514
8079.9518217412015 853.3289303866975
6416.590372837805 2510.4871117792873
3350.602358384981 1855.2551376612857
6883.743623366138 3898.9997899100736
4610.3131201319 2315.460546210495
7895.119720675417 2086.8054210029354
90.13100123717254 554.2425914151128
1560.0464528505952 1484.892435766718
1542.6017890141097 8394.544523709359
2967.3061601863037 9659.599672722841
7277.955275249654 1414.1479949174752
7848.790203070282 3230.745372638606
4184.565544642318 7993.480511920357
6715.9054503948255 3721.631078386387
6919.94465909732 2463.579937613757
1837.9337781066674 3999.517154817146
1791.5229756916474 2980.5322643319155
1134.6398611720908 1970.3078300216769
6905.594538389104 5561.13693237163
2346.239995045003 1519.3108648006482
9218.457279029359 4525.83824597774
9654.487195011834 669.6305361919352
2038.2800323091687 1213.1075239452728
2107.246098410388 3113.638496911071
5944.816927995198 1831.9298003883366
1319.689112174558 281.4848081922805
2211.3251645445876 5929.6032542504145
16.875930262845174 8726.554756105981
2099.7166178095895 901.2528932469177
2873.5952202655512 2830.799890169884
5004.218471365969 8700.995263942432
9530.881853307377 8759.913375901791
2406.9916894184685 1304.6413620394082
3861.7377786415072 6695.589321292024
2665.2108830742072 1458.6147849055064
9131.490648557025 1556.8126291888661
844.2690614755011 1132.2097785602402
1375.3844566313467 7704.337615555328
8231.412651715671 7142.236951251666
4677.89133094606 4416.704544973036
2720.497144682369 2511.838065262898
7975.739473167037 726.021125036398
7754.424773326936 3296.897198260782
5391.104115003499 5472.949871570929
3460.5621588606573 7559.234304647413
6838.152427826425 7945.66818550489
8646.556000371682 3661.3670168480407
3539.603547108947 3656.3032529764073
3830.020106065667 7522.589138062656
3740.0423196158818 9634.056005577553
7947.8622588567805 8591.03259018657
7052.047412898416 9851.940176901293
6451.684126945797 1927.740560702721
9310.08424466204 682.3540831212172
9024.244139965067 8701.086570769254
8953.845907252991 225.79584925904618
5041.016624447115 2912.5387063517883
3489.1989106123424 2439.7320874181837
5512.86597306889 5105.976775166673
2807.79925918764 5687.0797962487095
4942.229391048407 6348.7204969714585
4724.368381959676 9908.004907635248
279.88485287935293 178.68827868596227
7088.490358992934 9496.431045862677
8463.136801938917 6048.871762536763
9062.950179096273 9017.426248805188
5022.54240978241 7483.70712525241
6276.548211483417 8094.592726584241
1334.9587688783215 6136.371235422625
1343.8833810804429 8893.989893935013
8338.499181757032 6258.271388932655
1846.9041081669802 6437.572129243427
2110.5337233815326 5149.598071444614
9629.05663239807 6592.240129124049
2235.422876373102 6265.227607440395
84.99111479565724 6888.034087601675
4262.060812404087 334.94932014944914
9143.209830966083 6563.88308498092
2999.8083576007552 9350.226427931306
6718.36051791539 4546.050374991303
5834.455111744959 7785.616852504371
4743.048342293911 4256.4550475771175
6336.691642129843 6062.000144499389
9010.853904501579 8435.950824025553
419.77340065923465 9185.875578824693
5716.513731292689 3429.4031976755455
2001.1000579503268 2180.3248200056323
8433.511851642033 1828.0118200209095
9525.072498944079 3583.012900366681
8400.47600532404 4924.553418048111
3328.6773946290173 2937.4596320328083
6812.750340983876 5249.666343473138
4424.429738617653 6447.35910112875
7945.249458468154 7912.6706227966615
1681.3361850788667 7276.6106334648475
7761.047592297669 1990.8333579113057
6682.587966151332 6836.3996185673905
3146.141031959765 9071.883867724719
1972.621315839095 411.63867244512596
3931.2762540862245 6589.536117472773
7304.899512078365 3222.1500687888483
7392.572475969744 8437.91255409333
7609.4467439022765 5155.872500496308
5435.175259387298 340.6788738751343
9664.25322345802 6219.644110289172
8038.976896289088 3829.198390288806
2862.0967477992776 6422.680403689962
112.38753048953609 7119.375941158643
7723.214858658532 2137.5805032726494
5417.594106509636 3339.879795919207
7039.984834321245 1126.150364830847
6166.08385042207 514.7115666574409
8741.553091038975 4601.386737531236
1633.248021477417 3559.9840640090742
5660.345098997812 836.1742329424104
3511.604395832204 2248.1267278436358
7188.826134424169 4600.959290563228
41.206606910677564 4636.736641829604
8177.125670159537 1270.58970731181
5416.718780361469 7920.987104727393
7489.673176954362 5418.680365437294
8720.694651849602 7865.519318860219
2482.7147159645424 4952.079970710725
8011.780830355322 5589.555058843415
1816.7291441572074 5726.263037382503
3085.16275722551 5405.639617103971
4011.954428117217 9375.201305681565
1688.626973949854 4396.265090423555
3708.1410246899704 1808.0416106462894
4918.657499394411 3140.3616560137525
242.95882189908303 2906.6787048649935
4993.4141889335415 1220.1554239147895
4285.669493895063 9685.083576908733
8505.207187487242 444.92095797889374
8211.495522361154 9003.856113588256
8962.828255396398 8500.47046001827
1321.2742512726018 6831.8445715545095
3742.2699190449302 9153.595392636424
2044.6708529798664 6993.688868452525
8889.25667853635 9094.443303281847
6427.866296409367 5481.340118172157
4231.392461870053 2470.4475082502217
395.1590336436428 2545.6943557799927
7649.608529168144 2099.299360282387
2802.1074994313653 286.6756511293345
2089.918443872708 2413.3529057812584
3295.3823106689806 9704.086030819153
899.2901550603805 9507.710564186616
7893.874227317432 7838.270392698806
5713.110128470741 8652.140697462108
5246.320588966041 5417.714583773287
4323.280884317646 3253.9229852885496
81.52549846335289 7378.571498760679
6696.956730918182 5146.282008416302
3619.165500128306 6991.13077884583
4974.926749961218 9939.857314063149
6361.734994232558 5866.86414073347
2804.2661684513846 8622.78357614481
7124.777169535792 708.7456381142176
343.7229723767077 9259.516376256477
5906.414341164684 6414.160824047277
365.5014811053014 4852.046749744332
668.1978586373716 3548.292603695874
5614.821211426532 1164.8863768707051
1958.2529179443875 736.3728912345979
2044.0394808138174 7317.584187392411
6626.909607908074 5301.655213274927
6292.281843100887 2421.492518770755
1365.2744408561668 8347.312124385118
14.3511711904043 7950.352011714554
6775.01350619864 6156.521878399401
713.755582004304 4355.51724928199
1707.2623942626874 3628.329316579123
563.0752313691256 43.002114556164315
3046.8757666894 9021.051566581376
5065.023629577136 2809.9986275245137
6850.729740644164 9950.506877455227
2932.658017017934 5199.817108655722
8973.7787544595 6479.146579120867
3546.4772364292216 3760.6898271958335
6199.016575040852 4919.143340866485
6381.2206881572765 6014.459009754197
3267.571291695107 6780.423956053737
6202.388592661765 3706.936874975878
6393.835558764612 988.6778301284949
328.304006186424 7314.020512569984
4074.745800541184 7821.055164028512
8818.126191351956 5672.4519032127255
1320.1224404436207 4355.119145209638
3644.8746320173655 6651.758426653537
3143.125427373432 8281.755589219356
825.033070229132 1356.2713219892796
5158.15634397548 4031.31839747746
6530.78499543369 3680.248348039151
8817.902175756513 8628.179296536595
7695.415579044366 1742.3040454633965
3088.305851671849 1608.817015568429
8140.372893729794 1254.742505997557
2020.5521280175076 7298.2566733450785
8447.254965949214 6239.151068578509
5980.255545165473 8135.27266667257
6921.971009336548 4330.566773893834
7030.661263119215 6979.221642456761
2266.7087611591974 593.8978294456731
4216.039043661071 7574.657654549765
3964.537622982801 4132.914800457882
4830.445898655107 2210.443797047353
4817.717972512342 5743.889003424316
2848.6599496390118 3967.0980565242385
7090.833035399469 9646.944522322206
5706.456036049949 2397.7063801852873
2531.0653981619826 1669.8993849364374
7721.120708644618 7213.346179884204
2515.104930983444 4350.546202341323
6778.372764326149 6819.642512028275
1032.558616624818 1863.7833726463648
4609.845182916307 6629.426004326737
8536.305781890813 594.9861194880345
7429.51756348036 9852.532439378336
1107.7226723997403 4355.990660968596
6304.429425899808 299.94085301352726
6178.887064394147 4848.839207570105
7232.827546388079 6520.788259696008
6853.048837063688 8071.75019161821
1053.110144133147 1681.2192381473435
7285.375866799782 1956.6967030378257
2829.216960969704 257.12204390492263
8011.849066186718 7541.407196192844
3424.5440512051573 5797.956492863536
2654.1485098542717 4002.443326585735
5817.395313244174 8380.086594723869
6945.42110277626 6802.736921382364
5198.467203114527 1346.1069363307765
6019.718100916479 4916.802528479888
2063.524836227151 180.96338930957967
5697.821503469771 9549.870883723164
7152.226883571503 1660.1427959448445
4323.263889857293 3603.967125079469
3126.885502280877 2192.557629821036
7555.2616772809115 3392.5355287104676
2438.711560047485 5689.611099126474
1400.6952360342761 723.4791321099221
7219.1042889211685 2342.2464494987803
4847.086362727196 2952.718708473866
7932.897568790415 7848.80948009409
2250.838609054998 9380.007028899498
464.50893186051667 5197.0417906610755
4604.038082369459 9160.17114927692
6729.486958293128 5456.613420690768
9133.511926292358 188.33650469186946
4971.2287595263 213.01524361956757
5706.273916930517 9524.267093286411
3058.7850248932714 6036.619001707547
9118.478799656828 5864.856303460258
2755.1473408952265 3959.1782531920417
8883.528648884476 2416.565714148916
7884.400889061642 7469.068977459643
310.7253844541369 6857.29951924279
9948.958027923987 6132.6314045731615
7044.559136412885 2278.321357363512
6937.585949223648 4279.514024243524
3109.5287025166062 2549.4268967974153
3843.7547167806806 7938.3055010660655
7431.934313953855 2270.327591657636
9873.89726911032 9011.936836479172
7499.504582555676 9535.996569967965
431.650095470667 8110.374144071423
5672.416552871124 5673.333167641898
3126.8920832656477 1616.1995062228907
6310.984511207001 8609.388564122673
1236.7975683870525 3169.9670682886003
7832.462902208926 6861.044251183508
2507.9433917191827 3605.0976168514335
5598.642385526998 4658.921056037946
9771.042485788832 9277.622020899344
2189.5067067842488 2594.886901760919
1723.5781048159893 4494.6482291600305
769.6895015820749 6025.6596250551265
7558.939348737796 5004.817805828271
7020.460016264724 8003.047071832517
4332.8706407582295 6630.907655084649
6542.6832476315485 3431.5531777800725
2359.871931395818 6571.467629114117
7835.538577613129 6200.5659364151825
6890.490506721629 3351.682438758794
1132.2584407296754 2599.3060093842078
6884.768775071752 1526.9897461144144
8740.62000641484 4363.026963368742
3328.946211923599 4857.099252656092
7128.806750816268 725.3331083541292
257.9435838786459 248.4953746575358
8702.768869245008 7623.360832709235
7745.52711277849 9153.847640803246
6730.839179527438 2286.506859665486
2713.3610928663156 8901.218602910309
9343.430232821735 9239.25860284086
773.4370620604136 5462.788121445392
8292.209694290561 7567.377026709142
6103.030195965793 1232.648200477391
9194.797384023912 7724.117547571383
6405.298874914573 113.83541212584447
3708.33304951669 7124.9874407137995
2797.5403487919625 1383.6010848213941
215.72581337058082 4705.711587511228
6358.53443964473 5115.7231423107705
1449.3112682655474 1951.9726209677324
3063.1114751869327 3642.825134263562
4563.066728771098 8319.572840979245
9927.165879635828 8842.994798222564
8086.140095636172 3601.409224600062
6995.299968984733 3489.523262100489
7291.897290465211 9583.393125560739
6872.794318926309 1502.530889689524
6979.449607519244 8238.612098866375
5223.118484324015 6708.457248457039
6237.3729296395995 9581.444469982176
6755.2789246750035 5857.881341729695
760.8325164425634 2137.7206002732573
7924.768704934449 1298.9884690474341
4053.6068433134687 8069.884076059447
6049.070840339326 6969.134725243818
6813.839905176571 2396.0142198897684
7231.4532434534985 3903.1876977992574
4113.325493339974 7889.163935968775
4021.723548350612 1125.1169380922443
6270.329474060595 644.1477671039908
5123.933805903198 9713.79984345527
1537.574033735949 5654.874355585274
6644.889713199128 1241.5423593915552
450.41814172212423 3599.963508811036
6063.736184035375 4780.151882827975
43.48714332086834 8536.494186449052
3329.438939510622 4215.96396825019
6965.651715866898 4031.799208608998
584.1350900519449 1014.1878243646219
1006.0342238311625 3212.5869838522726
242.60108818442095 7635.160247800367
1665.9574481424434 179.12437096376576
5169.358260593555 504.63673966132603
9952.635015973163 3756.2084956376716
4093.946335736465 3931.5419422239074
6958.871011721337 6650.218345532636
2292.843408025149 7245.320323243043
2558.596706337021 2316.247100890166
3943.5347781642226 8392.30783988144
4228.303533104714 7089.770440126934
6983.320059601446 6989.948733133889
6139.275159148596 5543.059994604219
7268.68979458974 7638.720530413807
4361.183414253652 4594.564866751642
5842.3253518111505 4043.644188396194
8354.88523284988 869.8286034509329
9889.859515082155 330.6107950937964
1537.453162127802 9929.152134121194
1843.6718248931538 1928.0411788487172
511.8748230286818 1307.8636606277428
9246.806891019762 2438.4910149935413
7250.7345170046165 8676.112537941524
