20
6853.960172464396 649.3491163436971
2406.597485346844 3802.5895745952566
9171.13711097174 8756.259200224564
9752.413024269707 5714.958031208331
9607.298875957931 4559.515121954828
3166.2634142086044 1224.3290131340646
8900.818446079773 7084.932842082934
9720.80577229416 2612.2400343572194
5306.101580538446 8619.52799491963
1095.3571386492688 6236.870813085593
5559.768050275065 3801.6253713823935
2348.210429624589 8812.786300303434
2862.638389942487 4694.684522650628
8501.275983276628 7229.290864282814
6429.147352126893 2256.591302304298
5783.703789152434 3873.4318219808574
4125.161365323783 9034.92237632931
8458.338415569395 2550.1211405847835
2496.427221732136 9466.333961140283
5194.611418648263 2628.163722453989
