0.00 5451.79 8431.57 5836.22 4782.29 3732.25 6753.25 3474.44 8119.09 8023.83 3407.61 9324.35 5682.90 6783.01 1662.44 3397.08 8818.40 2487.36 9835.00 2582.47 
5451.79 0.00 8384.38 7590.66 7240.38 2687.85 7276.58 7410.44 5622.28 2764.97 3153.17 5010.54 1001.90 6991.95 4309.41 3377.85 5507.34 6179.99 5664.46 3025.28 
8431.57 8384.38 0.00 3096.35 4219.35 9632.68 1693.05 6168.56 3867.45 8459.64 6131.10 6823.16 7502.90 1667.44 7054.37 5942.79 5053.66 6246.94 6712.37 7305.22 
5836.22 7590.66 3096.35 0.00 1164.52 7971.39 1613.09 3102.88 5310.95 8672.77 4608.59 8026.13 6964.91 1964.32 4796.29 4375.14 6533.61 3419.18 8168.36 5504.71 
4782.29 7240.38 4219.35 1164.52 0.00 7253.30 2622.37 1950.58 5914.73 8675.64 4117.88 8413.36 6746.01 2889.81 3924.81 3884.66 7076.94 2314.69 8639.52 4816.84 
3732.25 2687.85 9632.68 7971.39 7253.30 0.00 8199.50 6699.87 7698.56 5423.49 3517.29 7632.42 3483.61 8032.55 3422.28 3724.08 7869.23 5455.62 8269.18 2466.77 
6753.25 7276.58 1693.05 1613.09 2622.37 8199.50 0.00 4547.24 3908.58 7851.40 4684.31 6776.59 6494.07 424.82 5424.21 4475.50 5158.43 4556.35 6832.81 5796.44 
3474.44 7410.44 6168.56 3102.88 1950.58 6699.87 4547.24 0.00 7455.01 9356.08 4327.69 9633.38 7167.36 4775.40 3310.82 4134.17 8518.34 1263.99 9958.43 4526.22 
8119.09 5622.28 3867.45 5310.95 5914.73 7698.56 3908.58 7455.01 0.00 4838.12 4824.58 2964.20 4623.30 3484.52 6461.28 4770.07 1251.87 6839.17 2934.51 5992.40 
8023.83 2764.97 8459.64 8672.77 8675.64 5423.49 7851.40 9356.08 4838.12 0.00 5085.41 2864.43 2345.55 7472.12 6655.22 5250.38 4124.17 8234.42 3520.29 5461.38 
3407.61 3153.17 6131.10 4608.59 4117.88 3517.29 4684.31 4327.69 4824.58 5085.41 0.00 5951.96 2841.14 4516.79 1772.84 235.17 5426.37 3157.21 6439.95 1228.96 
9324.35 5010.54 6823.16 8026.13 8413.36 7632.42 6776.59 9633.38 2964.20 2864.43 5951.96 0.00 4150.11 6353.56 7722.55 6016.63 1790.78 8749.55 670.14 6808.20 
5682.90 1001.90 7502.90 6964.91 6746.01 3483.61 6494.07 7167.36 4623.30 2345.55 2841.14 4150.11 0.00 6182.11 4320.22 3034.32 4520.14 5992.58 4785.68 3115.86 
6783.01 6991.95 1667.44 1964.32 2889.81 8032.55 424.82 4775.40 3484.52 7472.12 4516.79 6353.56 6182.11 0.00 5387.16 4318.22 4733.99 4679.37 6408.01 5666.07 
1662.44 4309.41 7054.37 4796.29 3924.81 3422.28 5424.21 3310.82 6461.28 6655.22 1772.84 7722.55 4320.22 5387.16 0.00 1740.91 7159.20 2050.31 8212.59 1289.24 
3397.08 3377.85 5942.79 4375.14 3884.66 3724.08 4475.50 4134.17 4770.07 5250.38 235.17 6016.63 3034.32 4318.22 1740.91 0.00 5421.42 2984.09 6487.43 1377.58 
8818.40 5507.34 5053.66 6533.61 7076.94 7869.23 5158.43 8518.34 1251.87 4124.17 5426.37 1790.78 4520.14 4733.99 7159.20 5421.42 0.00 7799.30 1684.90 6495.40 
2487.36 6179.99 6246.94 3419.18 2314.69 5455.62 4556.35 1263.99 6839.17 8234.42 3157.21 8749.55 5992.58 4679.37 2050.31 2984.09 7799.30 0.00 9131.18 3264.66 
9835.00 5664.46 6712.37 8168.36 8639.52 8269.18 6832.81 9958.43 2934.51 3520.29 6439.95 670.14 4785.68 6408.01 8212.59 6487.43 1684.90 9131.18 0.00 7351.24 
2582.47 3025.28 7305.22 5504.71 4816.84 2466.77 5796.44 4526.22 5992.40 5461.38 1228.96 6808.20 3115.86 5666.07 1289.24 1377.58 6495.40 3264.66 7351.24 0.00 
